31	82	31	30	78	59	26	39	100	7	15	55	10	98	28	90	7	98	96	63	27	28	11	84	17	12	18	20	81	91	31	60	67	42	95	75	64	85	7	11	
21	37	6	91	60	21	84	84	78	20	11	70	66	32	79	15	78	43	70	47	37	45	25	63	77	88	80	1	77	14	59	27	26	87	46	73	87	59	33	95	
55	39	0	64	2	56	1	51	27	70	21	15	45	53	15	21	71	44	17	53	11	13	67	19	99	34	2	15	94	22	0	11	66	22	54	10	79	72	10	61	
25	45	58	23	55	15	80	84	67	56	61	60	85	11	58	57	98	33	34	75	39	42	50	0	96	35	70	75	68	86	0	53	92	58	78	45	72	45	26	96	
12	81	11	80	27	71	35	48	1	69	38	68	16	63	69	42	65	3	96	51	41	100	53	59	34	50	75	5	57	18	30	80	99	4	27	5	89	14	19	72	
80	40	70	46	3	71	14	2	68	73	6	27	64	65	56	37	3	26	48	56	72	95	17	44	59	52	97	94	38	60	85	8	88	9	36	54	5	28	30	89	
97	16	97	0	100	17	0	40	77	20	51	28	98	47	36	85	94	56	59	40	27	8	84	49	98	60	52	58	15	95	35	8	63	80	93	14	84	64	42	19	
40	32	57	5	62	73	90	1	74	8	2	53	91	88	40	96	72	69	64	37	29	28	73	19	79	60	70	67	34	85	92	90	5	50	99	91	33	0	32	43	
81	1	35	99	73	67	27	75	12	3	71	3	22	15	52	82	9	13	43	17	7	44	17	86	6	78	97	80	32	39	45	0	89	92	89	6	5	100	57	51	
22	73	30	1	70	7	55	40	85	4	59	21	16	91	84	17	14	51	18	96	97	88	38	42	68	11	84	98	71	42	44	68	38	83	72	99	21	56	13	99	
93	17	27	28	65	20	83	22	8	54	29	44	66	87	1	69	17	66	28	17	16	59	18	65	46	80	7	77	91	63	24	36	7	32	48	12	68	16	4	70	
97	51	79	68	84	68	12	71	8	13	3	99	66	90	96	54	95	18	77	42	19	25	12	0	99	56	95	23	34	98	49	31	14	33	42	94	10	100	76	74	
10	55	17	75	81	11	77	32	31	90	75	83	14	53	3	2	72	44	4	23	88	51	12	56	64	16	97	60	55	43	54	83	90	7	3	36	21	50	55	54	
100	91	44	74	73	55	47	99	58	3	2	60	88	20	4	17	56	78	67	56	90	69	49	78	49	22	41	31	28	11	64	42	38	26	8	65	91	80	2	90	
54	3	45	80	91	49	38	73	94	38	38	96	2	28	23	30	38	59	66	78	32	2	16	31	30	94	0	51	89	11	62	21	72	1	0	53	88	36	46	24	
91	75	35	19	23	45	42	9	27	90	27	70	47	31	69	99	65	59	61	76	75	32	98	13	14	22	7	6	63	81	99	53	50	42	56	35	60	44	71	54	
56	58	47	52	74	32	90	98	94	16	42	98	32	18	31	54	4	45	73	13	73	53	5	24	24	71	40	75	30	88	52	82	95	45	83	74	83	43	94	68	
90	19	97	1	17	10	23	86	87	52	42	62	78	86	36	9	25	29	97	55	11	29	2	4	41	41	18	52	56	2	4	13	97	12	72	79	43	27	62	93	
60	99	67	40	24	45	60	57	52	0	23	39	75	85	46	34	5	83	30	42	69	75	15	94	24	39	20	17	41	1	39	79	70	3	14	54	69	38	6	12	
96	16	22	28	45	75	99	65	66	70	65	30	94	99	96	80	79	80	94	85	81	82	6	73	71	86	3	8	75	61	33	86	100	21	68	80	42	24	3	20	
68	37	72	55	40	9	65	35	26	46	29	80	80	64	30	87	54	1	53	68	98	94	98	74	13	49	87	76	10	76	42	96	95	65	8	28	45	43	54	43	
65	92	5	44	9	49	100	34	7	6	1	78	76	68	53	23	62	8	39	25	81	4	79	91	15	63	100	58	5	98	64	61	4	39	23	66	92	30	83	73	
60	21	21	91	84	26	30	99	10	47	75	84	57	50	20	9	91	27	96	90	48	60	61	26	79	86	94	97	93	93	88	46	98	14	53	36	95	58	21	25	
20	98	41	72	48	54	89	39	9	96	57	37	62	14	25	34	8	97	12	16	15	46	79	74	96	83	17	75	9	21	58	90	58	48	35	10	95	5	97	31	
67	89	58	42	79	34	57	58	29	56	67	4	38	6	27	51	26	29	38	37	11	94	25	18	69	47	89	49	95	2	57	23	11	2	69	39	58	16	23	25	
94	94	44	34	67	73	94	8	1	96	47	86	8	16	57	50	52	50	29	2	73	75	69	95	27	70	8	2	19	84	95	22	38	85	85	19	48	37	41	72	
75	97	25	50	86	97	9	45	80	42	54	73	28	31	45	10	76	93	58	32	97	10	16	68	27	9	87	40	90	93	26	31	75	7	61	44	78	33	60	81	
53	96	52	37	18	14	88	46	13	4	6	28	6	77	9	21	95	26	91	34	54	76	5	3	91	35	93	97	53	52	21	42	70	47	82	73	10	37	57	22	
71	4	99	55	12	73	38	97	24	20	84	37	17	65	38	1	87	84	22	19	42	3	74	71	22	71	84	83	94	81	63	32	21	97	9	39	29	13	9	69	
49	60	38	78	43	26	77	72	25	55	37	53	19	8	42	91	90	80	96	52	56	88	27	51	47	89	5	3	80	92	57	96	56	81	64	36	48	59	65	25	
